%YAML:1.0
---
cam_exposure: 15000
cam_gamma: 79
cam_contrast: 93
cam_Bgain: 152
cam_Ggain: 181
cam_Rgain: 188
camera_matrix: !!opencv-matrix
   rows: 3
   cols: 3
   dt: d
   data: [ 1.0838009241733128e+03, 0., 6.5463059843490987e+02, 0.,
       1.0792609503079916e+03, 5.1241442509884052e+02, 0., 0., 1. ]
distortion_coefficients: !!opencv-matrix
   rows: 1
   cols: 5
   dt: d
   data: [ -5.8043199894494268e-01, 1.2641615355346967e+00,
       -2.7862778460115774e-04, 1.6223766225016195e-03,
       -3.9582059434962047e+00 ]
image_width: 1280
image_height: 1024
