%YAML:1.0
---
CameraExtrinsicMat: !!opencv-matrix
   rows: 4
   cols: 4
   dt: d
   data: [ 0.02316890714635634, 0.06253650748200246, 
           0.9977737153150494, -0.04438198712979996,
          -0.999710523630744, 0.007924488617466972, 
           0.02271720542003036, -0.5134457800785726,
          -0.006486191763102113, -0.9980112162256021, 
           0.06270200638183088, -0.3341147717469652, 0., 0., 0., 1. ]
CameraMat: !!opencv-matrix
   rows: 3
   cols: 3
   dt: d
   data: [ 2.3237609161990681e+03, 0., 1.1245539856663763e+03, 0.,
       2.3354308367608733e+03, 5.2611889743045731e+02, 0., 0., 1. ]
DistCoeff: !!opencv-matrix
   rows: 1
   cols: 5
   dt: d
   data: [ 3.1445963326324317e-01, -1.1009821699385034e+01,
       -1.5260268001872778e-02, 2.8809761999404583e-02,
       1.3252500128352938e+02 ]
ImageSize: [ 1920, 1080 ]
ReprojectionError: 1.0851507317863467e+00
pnp_scale_width:0.0244
pnp_scale_height:0.0246
back_range_thresh:0.5
new_range_thresh:0.4
cluster_thresh:0.01
cluster_times:100
