%YAML:1.0
---
cam_exposure: 1000
cam_gamma: 71
cam_contrast: 100
cam_Bgain: 156
cam_Ggain: 181
cam_Rgain: 188
camera_matrix: !!opencv-matrix
   rows: 3
   cols: 3
   dt: d
   data: [ 1.3859739625395162e+03, 0., 9.3622464596653492e+02, 0.,
       1.3815353250336800e+03, 4.9459467170828475e+02, 0., 0., 1. ]
distortion_coefficients: !!opencv-matrix
   rows: 1
   cols: 5
   dt: d
   data: [ 7.0444095385902794e-02, -1.8010798300183417e-01,
       -7.7001990711544465e-03, -2.2524968464184810e-03,
       1.4838608095798808e-01 ]
image_width: 1920
image_height: 1080
