%YAML:1.0
---
WARPMATRIXS:
   - !!opencv-matrix
      rows: 3
      cols: 3
      dt: d
      data: [ -6.2221095389070502e-02, -2.1128516279412540e-01,
          1.7224356965660260e+02, -7.7401144199577013e-02,
          -2.4173881756408114e-01, 2.0644564712662205e+02,
          -2.7610987553798729e-04, -1.2467553316980451e-03, 1. ]
   - !!opencv-matrix
      rows: 3
      cols: 3
      dt: d
      data: [ 3.1163465599883422e-01, -3.6546585244283517e-02,
          -5.5636990943452270e+02, 1.0918022498126687e-01,
          -4.1929071110327074e+00, 2.3803278164987141e+03,
          1.9851387069835225e-03, -5.9263315445454712e-03, 1. ]
   - !!opencv-matrix
      rows: 3
      cols: 3
      dt: d
      data: [ 2.9502891334631982e-02, -1.0059676328976221e+00,
          5.2012080318393419e+02, 4.5993284492728867e-02,
          -4.0937600343641678e-01, 1.9324621252428432e+02,
          1.1897159966368447e-04, -2.0084964776107385e-03, 1. ]
   - !!opencv-matrix
      rows: 3
      cols: 3
      dt: d
      data: [ -3.2711230995842916e-01, 3.8120795403039343e-01,
          -3.3902990219080425e+02, 1.5341761793918324e-01,
          -1.2752047414072041e+00, 3.6366165564931180e+02,
          -1.4396970770868278e-03, -2.3974315504509407e-03, 1. ]
   - !!opencv-matrix
      rows: 3
      cols: 3
      dt: d
      data: [ 2.5783031642915571e-01, -8.4077388940637199e-01,
          7.1508444697869766e+02, 7.0587694429825842e-01,
          -8.5707529374799613e-02, -3.1657483119421784e+02,
          3.1454797922933665e-04, 7.9479950788587540e-04, 1. ]
   - !!opencv-matrix
      rows: 3
      cols: 3
      dt: d
      data: [ 1.5311826429697412e-01, -1.0797730929320470e+00,
          7.0502985278773508e+02, 1.2431478390182346e-01,
          -2.1895974006617719e-01, 1.2659718749055808e+02,
          2.1783529993474565e-04, -1.0487118034372223e-03, 1. ]
WARPMATRIX: !!opencv-matrix
   rows: 3
   cols: 3
   dt: d
   data: [ -2.8314380325371685e-01, -2.6170126726723919e-01,
       4.8487958025176056e+02, 6.5231787328786359e-02,
       4.6084478092768451e-02, 2.0840908921781062e+02,
       -6.4140875302026040e-04, 1.5872419892035599e-03, 1. ]
PNPMATRIXS: !!opencv-matrix
   rows: 4
   cols: 4
   dt: d
   data: [ 3.7167592837415664e-02, 9.9808244040937910e-01,
       4.9497597811707095e-02, -6.8876716218876063e+03,
       -6.6871655334441893e-02, -4.6936671629809579e-02,
       9.9665697738446923e-01, 1.9795773051877841e+03,
       9.9706908073387912e-01, -4.0353327034743036e-02,
       6.4998901850134017e-02, -3.0100710987186776e+03, 0., 0., 0., 1. ]
